maximum

http://192.168.1.53/bems/api/new/getPortUpdate.php?device_id=100;&node=B0;B1;B2;B3;B4;B5;B6;B7;B8;B9;B10;B11;B12;
B13;B14;B15;B16;B17;B18;B19;B20;B21;B22;B23;B24;&volt=40;25.6;26.5;28.2;27.8;40;25.6;26.5;28.2;27.8;40;25.6;26.5;28.2;27.8;40;25.6;26.5;28.2;27.8;40;25.6;26.5;28.2;32;&temp=40;25.6;26.5;28.2;27.8;40;25.6;26.5;28.2;27.8;40;25.6;26.5;28.2;27.8;40;25.6;26.5;28.2;27.8;40;25.6;26.5;28.2;28;&amp=40;25.6;26.5;28.2;27.8;40;25.6;26.5;28.2;27.8;40;25.6;26.5;28.2;27.8;40;25.6;26.5;28.2;27.8;40;25.6;26.5;28.2;32;&ir=40;25.6;26.5;28.2;27.8;40;25.6;26.5;28.2;27.8;40;25.6;26.5;28.2;27.8;40;25.6;26.5;28.2;27.8;40;25.6;26.5;28.2;29;&no_of_records=25;


======================================================================================================
======================================================================================================
======================================================================================================

minimum

http://192.168.1.53/bems/api/new/getPortUpdate.php?device_id=200;&node=B0;B1;B2;B3;B4;B5;B6;B7;B8;B9;B10;B11;B12;B13;B14;B15;B16;B17;B18;B19;B20;B21;B22;B23;B24;&volt=40;5.6;6.5;8.2;7.8;40;5.6;6.5;8.2;7.8;40;5.6;6.5;8.2;7.8;40;5.6;6.5;8.2;7.8;40;5.6;6.5;8.2;3;&temp=40;5.6;6.5;8.2;7.8;40;5.6;6.5;8.2;7.8;40;5.6;6.5;8.2;7.8;40;5.6;6.5;8.2;7.8;40;5.6;6.5;8.2;8;&amp=40;5.6;6.5;8.2;7.8;40;5.6;6.5;8.2;7.8;40;5.6;6.5;8.2;7.8;40;5.6;6.5;8.2;7.8;40;5.6;6.5;8.2;3;&ir=40;Disconnected;6.5;8.2;7.8;40;5.6;6.5;8.2;7.8;40;5.6;6.5;8.2;7.8;40;5.6;6.5;8.2;7.8;40;5.6;6.5;8.2;9;&no_of_records=25;

Disconnected

http://192.168.1.53/bems/api/new/getPortUpdate.php?device_id=200;&node=B0;B1;B2;B3;B4;B5;B6;B7;B8;B9;B10;B11;B12;B13;B14;B15;B16;B17;B18;B19;B20;B21;B22;B23;B24;&volt=Disconnected;2.2;6.2;2.2;Disconnected;2.2;2.6;2.5;2.2;2.8;Disconnected;2.6;2.5;2.2;2.8;2.1;2.2;2.5;2.2;2.8;2.4;2.6;2.5;2.2;2.3;&temp=24;25.6;Disconnected;28.2;27.8;Disconnected;25.6;26.5;8.2;27.8;Disconnected;25.6;26.5;28.2;27.8;22;25.6;26.5;28.2;27.8;23;25.6;26.5;28.2;27;&amp=38;35.6;36.5;Disconnected;37.8;33;35.6;36.5;Disconnected;37.8;35;35.6;Disconnected;38.2;37.8;31;35.6;36.5;38.2;37.8;42;35.6;36.5;38.2;33;&ir=40;5.8;6.5;8.2;7.8;40;5.6;6.5;8.2;7.8;40;5.6;6.5;8.2;7.8;40;5.6;6.5;8.2;7.8;40;5.6;6.5;8.2;9;&no_of_records=25;


normal

http://192.168.1.53/bems/api/new/getPortUpdate.php?device_id=200;&node=B0;B1;B2;B3;B4;B5;B6;B7;B8;B9;B10;B11;B12;B13;B14;B15;B16;B17;B18;B19;B20;B21;B22;B23;B24;&volt=2.4;2.2;6.2;2.2;2.8;2.2;2.6;2.5;2.2;2.8;2.5;2.6;2.5;2.2;2.8;2.1;2.2;2.5;2.2;2.8;2.4;2.6;2.5;2.2;2.3;&temp=24;25.6;26.5;28.2;27.8;25;25.6;26.5;8.2;27.8;27;25.6;26.5;28.2;27.8;22;25.6;26.5;28.2;27.8;23;25.6;26.5;28.2;27;&amp=38;35.6;36.5;38.2;37.8;33;35.6;36.5;38.2;37.8;35;35.6;36.5;38.2;37.8;31;35.6;36.5;38.2;37.8;42;35.6;36.5;38.2;33;&ir=40;5.8;6.5;8.2;7.8;40;5.6;6.5;8.2;7.8;40;5.6;6.5;8.2;7.8;40;5.6;6.5;8.2;7.8;40;5.6;6.5;8.2;9;&no_of_records=25;


IR over limit

http://192.168.1.53/bems/api/new/getPortUpdate.php?device_id=200;&node=B0;B1;B2;B3;B4;B5;B6;B7;B8;B9;B10;B11;B12;B13;B14;B15;B16;B17;B18;B19;B20;B21;B22;B23;B24;&volt=2.4;2.2;6.2;2.2;2.8;2.2;2.6;2.5;2.2;2.8;2.5;2.6;2.5;2.2;2.8;2.1;2.2;2.5;2.2;2.8;2.4;2.6;2.5;2.2;2.3;&temp=24;25.6;26.5;28.2;27.8;25;25.6;26.5;8.2;27.8;27;25.6;26.5;28.2;27.8;22;25.6;26.5;28.2;27.8;23;25.6;26.5;28.2;27;&amp=38;35.6;36.5;38.2;37.8;33;35.6;36.5;38.2;37.8;35;35.6;36.5;38.2;37.8;31;35.6;36.5;38.2;37.8;42;35.6;36.5;38.2;33;&ir=0.04;0.08;0.05;0.02;0.08;0.02;0.05;0.06;0.02;0.08;0.01;0.06;0.05;0.02;0.08;0.04;0.06;0.05;0.02;0.08;0.07;0.06;0.05;0.02;0.09;&no_of_records=25;

IR normal

http://192.168.1.53/bems/api/new/getPortUpdate.php?device_id=200;&node=B0;B1;B2;B3;B4;B5;B6;B7;B8;B9;B10;B11;B12;B13;B14;B15;B16;B17;B18;B19;B20;B21;B22;B23;B24;&volt=2.4;2.2;6.2;2.2;2.8;2.2;2.6;2.5;2.2;2.8;2.5;2.6;2.5;2.2;2.8;2.1;2.2;2.5;2.2;2.8;2.4;2.6;2.5;2.2;2.3;&temp=24;25.6;26.5;28.2;27.8;25;25.6;26.5;8.2;27.8;27;25.6;26.5;28.2;27.8;22;25.6;26.5;28.2;27.8;23;25.6;26.5;28.2;27;&amp=38;35.6;36.5;38.2;37.8;33;35.6;36.5;38.2;37.8;35;35.6;36.5;38.2;37.8;31;35.6;36.5;38.2;37.8;42;35.6;36.5;38.2;33;&ir=0.04;0.05;0.05;0.02;0.05;0.02;0.05;0.06;0.02;0.06;0.01;0.06;0.05;0.02;0.05;0.04;0.06;0.05;0.02;0.06;0.07;0.06;0.05;0.02;0.03;&no_of_records=25;





http://192.168.1.53/bems/api/new/getPortUpdate.php?device_id=200;&node=B0;B1;B2;B3;B4;B5;B6;B7;B8;B9;B10;B11;B12;B13;B14;B15;B16;B17;B18;B19;B20;B21;B22;B23;B24;&volt=65;3.2;3.2;3.2;3.2;3.2;3.2;3.2;3.2;3.2;3.2;3.2;3.2;3.2;3.2;3.2;3.2;3.2;3.2;3.2;3.2;3.2;3.2;3.2;3.2;&temp=24;65;65;65;65;65;65;65;65;65;65;65;65;65;65;65;65;65;65;65;65;65;65;65;65;&amp=50;35.6;36.5;38.2;37.8;33;35.6;36.5;38.2;37.8;35;35.6;36.5;38.2;37.8;31;35.6;36.5;38.2;37.8;42;35.6;36.5;38.2;33;&ir=0.05;0.05;0.05;0.05;0.05;0.05;0.05;0.05;0.05;0.05;0.05;0.05;0.05;0.05;0.05;0.05;0.05;0.05;0.05;0.05;0.05;0.05;0.05;0.05;0.05;&no_of_records=25;


http://localhost/bems/api/new/getPortUpdate.php?device_id=200;&node=B0;B1;B2;B3;B4;B5;B6;B7;B8;B9;B10;B11;B12;B13;B14;B15;B16;B17;B18;B19;B20;B21;B22;B23;B24;&volt=65;3.2;3.2;3.2;3.2;3.2;3.2;3.2;3.2;3.2;3.2;3.2;3.2;3.2;3.2;3.2;3.2;3.2;3.2;3.2;3.2;3.2;3.2;3.2;3.2;&temp=24;65;65;65;65;65;65;65;65;65;65;65;65;65;65;65;65;65;65;65;65;65;65;65;65;&amp=50;35.6;36.5;38.2;37.8;33;35.6;36.5;38.2;37.8;35;35.6;36.5;38.2;37.8;31;35.6;36.5;38.2;37.8;42;35.6;36.5;38.2;33;&ir=0.05;0.05;0.05;0.05;0.05;0.05;0.05;0.05;0.05;0.05;0.05;0.05;0.05;0.05;0.05;0.05;0.05;0.05;0.05;0.05;0.05;0.05;0.05;0.05;0.05;&no_of_records=25;


